version https://git-lfs.github.com/spec/v1
oid sha256:a92a5286614b4caaf416838d5d775f4470fcaa11712ff13eb827ef45f4258243
size 205
